UpdateReboot
3
47
1946
47
9
21
17
8
1
0
0
15
0
0
0
a92ad60f-813b-4fc3-983c-529d7bd0eb5c:1:Other;b89078b5-ba73-4f50-89ec-493b643ef89c:1:Other;c56cbfe5-6477-44bc-86d8-c3808040fa7a:1:Other;ea6e2510-4be0-4ff2-b24e-42b5f59f6d6b:1:Other;268d9bff-9716-4986-bae2-9e8fd0433c53:1:Other;8bedaf85-f5f4-4c35-88cc-7fbca917c886:1:Other;11ba7d1d-16b5-48ad-b146-3e905a259e03:1:Other;b3d35ff7-2068-4d16-942b-6fd9012f0c9c:1:Other;e03cdf82-dce7-4c0d-b4d7-6b0d6f5315c2:1:Other;
9
AutoScheduled


0
134019855294045702
0
26100
1
1
1
1
26075
1
1
26079
26100
1
0
0
0
